$ 1 5 382.76258214399064 99 5 50 5e-11
v 128 224 128 320 0 0 40 5 0 0 0.5
r 128 400 128 464 0 4000000
c 128 464 128 512 4 0.00098 4.999999999998272 0.001 0
w 128 512 272 512 0
w 272 512 272 224 0
w 272 224 128 224 0
213 368 256 432 256 0 0 pwl(t,\s0,\s1,\s3599,\s1,\s3600,\s0,\s5400,\s0)
g 128 224 128 192 0 0
w 128 464 48 464 0
w 48 464 48 144 0
w 48 144 336 144 0
w 336 144 336 256 0
w 336 256 368 256 0
w 128 224 96 224 0
w 96 224 96 80 0
w 96 80 272 80 0
w 272 80 272 176 0
w 272 176 288 176 0
w 288 176 288 288 0
w 288 288 368 288 0
w 128 400 128 320 0
v 704 336 704 224 0 0 40 7.4 0 0 0.5
r 704 224 704 160 0 0.1
w 576 464 960 464 0
w 528 96 528 208 0
w 528 208 528 224 0
w 528 224 704 224 0
w 576 464 576 336 0
w 576 336 704 336 0
w 528 96 960 96 0
g 704 336 704 384 0 0
w 464 256 528 256 0
w 528 256 528 224 0
w 464 288 576 288 0
w 576 288 576 336 0
r 992 240 992 320 0 110
f 992 384 992 400 32 1.5 0.02
w 992 240 992 96 0
w 992 96 960 96 0
w 976 464 960 464 0
w 976 400 976 464 0
r 1104 256 1104 336 0 27
f 1104 368 1104 400 32 1.5 0.02
w 1104 256 1104 96 0
w 992 96 1104 96 0
w 1104 352 1104 368 0
w 1088 400 1088 464 0
w 1088 464 976 464 0
w 992 320 1024 320 0
w 1024 320 1024 416 0
w 1024 416 1008 416 0
w 1008 416 1008 400 0
w 1104 336 1136 336 0
w 1136 336 1136 416 0
w 1136 416 1120 416 0
w 1120 416 1120 400 0
R 1056 304 1056 336 0 0 40 5 0 0 0.5
w 1056 304 1072 304 0
w 1072 304 1072 352 0
w 1072 352 1104 352 0
R 960 336 960 368 0 0 40 5 0 0 0.5
w 960 336 992 336 0
w 992 336 992 368 0
v 1184 320 1184 240 0 0 40 5 0 0 0.5
r 1184 240 1184 192 0 300000
w 1184 144 1248 144 0
w 1248 144 1248 352 0
w 1248 352 1184 352 0
w 1184 352 1184 320 0
w 1184 144 1184 96 0
w 1184 96 1152 96 0
w 1152 96 1152 464 0
w 1152 464 1088 464 0
r 1280 224 1280 288 0 14
w 1280 224 1280 80 0
w 1280 80 1280 64 0
w 1280 64 1104 64 0
w 1104 64 1104 96 0
f 1264 384 1264 416 32 1.5 0.02
w 1280 288 1280 336 0
w 1280 336 1296 336 0
w 1296 336 1296 448 0
w 1296 448 1280 448 0
w 1280 448 1280 416 0
w 1248 416 1248 464 0
c 1184 144 1184 192 4 0.00009999999999999999 -4.999999999999998 0.001 0
w 1184 464 1152 464 0
w 1248 464 1248 512 0
w 1248 512 1152 512 0
w 1152 512 1152 464 0
w 1264 384 1264 368 0
w 1264 368 1168 368 0
w 1168 368 1168 240 0
w 1168 240 1184 240 0
o 1 32 0 4099 0.0000762939453125 0.00009765625 0 2 1 3
o 1 32 3 4099 0.0000762939453125 0.00009765625 1 1
o 2 32 0 4099 5 0.00009765625 2 2 2 3
o 24 32 0 4099 10 0.4 3 2 24 3
o 6 32 0 4099 10 0.00009765625 4 2 6 3
o 73 32 0 4099 5 0.2 5 2 73 3
o 41 32 0 4099 5 0.2 6 2 41 3
o 35 32 0 4099 0.000152587890625 0.00009765625 7 2 35 3

